root@h0:~# tcpdump host 128.238.61.100 and 128.238.61.101
tcpdump: verbose output suppressed, use -v or -vv for full protocol decode
listening on eth0, link-type EN10MB (Ethernet), capture size 262144 bytes
13:41:07.485654 ARP, Request who-has 128.238.61.101 tell 128.238.61.100, length 28
13:41:07.486372 ARP, Reply 128.238.61.101 is-at 16:1b:15:ed:5e:4a (oui Unknown), length 28
13:41:07.486376 IP 128.238.61.100.47450 > 128.238.61.101.tftp:  21 RRQ "small.dum" netascii
13:41:07.531839 IP 128.238.61.101.42834 > 128.238.61.100.47450: UDP, length 516
13:41:07.531904 IP 128.238.61.100.47450 > 128.238.61.101.42834: UDP, length 4
13:41:07.532116 IP 128.238.61.101.42834 > 128.238.61.100.47450: UDP, length 516
13:41:07.532257 IP 128.238.61.100.47450 > 128.238.61.101.42834: UDP, length 4
13:41:07.532727 IP 128.238.61.101.42834 > 128.238.61.100.47450: UDP, length 516
13:41:07.532782 IP 128.238.61.100.47450 > 128.238.61.101.42834: UDP, length 4
13:41:07.533048 IP 128.238.61.101.42834 > 128.238.61.100.47450: UDP, length 516
13:41:07.533068 IP 128.238.61.100.47450 > 128.238.61.101.42834: UDP, length 4
13:41:07.533294 IP 128.238.61.101.42834 > 128.238.61.100.47450: UDP, length 516
13:41:07.533408 IP 128.238.61.100.47450 > 128.238.61.101.42834: UDP, length 4
13:41:07.533955 IP 128.238.61.101.42834 > 128.238.61.100.47450: UDP, length 516
13:41:07.533980 IP 128.238.61.100.47450 > 128.238.61.101.42834: UDP, length 4
13:41:07.534205 IP 128.238.61.101.42834 > 128.238.61.100.47450: UDP, length 516
13:41:07.534237 IP 128.238.61.100.47450 > 128.238.61.101.42834: UDP, length 4
13:41:07.534508 IP 128.238.61.101.42834 > 128.238.61.100.47450: UDP, length 516
13:41:07.534528 IP 128.238.61.100.47450 > 128.238.61.101.42834: UDP, length 4
13:41:07.534768 IP 128.238.61.101.42834 > 128.238.61.100.47450: UDP, length 516
13:41:07.534826 IP 128.238.61.100.47450 > 128.238.61.101.42834: UDP, length 4
13:41:07.535075 IP 128.238.61.101.42834 > 128.238.61.100.47450: UDP, length 516
13:41:07.535094 IP 128.238.61.100.47450 > 128.238.61.101.42834: UDP, length 4
13:41:07.535458 IP 128.238.61.101.42834 > 128.238.61.100.47450: UDP, length 516
13:41:07.535478 IP 128.238.61.100.47450 > 128.238.61.101.42834: UDP, length 4
13:41:07.535712 IP 128.238.61.101.42834 > 128.238.61.100.47450: UDP, length 516
13:41:07.535730 IP 128.238.61.100.47450 > 128.238.61.101.42834: UDP, length 4
13:41:07.536035 IP 128.238.61.101.42834 > 128.238.61.100.47450: UDP, length 516
13:41:07.536054 IP 128.238.61.100.47450 > 128.238.61.101.42834: UDP, length 4
13:41:07.536717 IP 128.238.61.101.42834 > 128.238.61.100.47450: UDP, length 516
13:41:07.536737 IP 128.238.61.100.47450 > 128.238.61.101.42834: UDP, length 4
13:41:07.537055 IP 128.238.61.101.42834 > 128.238.61.100.47450: UDP, length 516
13:41:07.537072 IP 128.238.61.100.47450 > 128.238.61.101.42834: UDP, length 4
13:41:07.537575 IP 128.238.61.101.42834 > 128.238.61.100.47450: UDP, length 516
13:41:07.537593 IP 128.238.61.100.47450 > 128.238.61.101.42834: UDP, length 4
13:41:07.537946 IP 128.238.61.101.42834 > 128.238.61.100.47450: UDP, length 516
13:41:07.537964 IP 128.238.61.100.47450 > 128.238.61.101.42834: UDP, length 4
13:41:07.538257 IP 128.238.61.101.42834 > 128.238.61.100.47450: UDP, length 516
13:41:07.538275 IP 128.238.61.100.47450 > 128.238.61.101.42834: UDP, length 4
13:41:07.538630 IP 128.238.61.101.42834 > 128.238.61.100.47450: UDP, length 516
13:41:07.538649 IP 128.238.61.100.47450 > 128.238.61.101.42834: UDP, length 4
13:41:07.538914 IP 128.238.61.101.42834 > 128.238.61.100.47450: UDP, length 516
13:41:07.538931 IP 128.238.61.100.47450 > 128.238.61.101.42834: UDP, length 4
13:41:07.539312 IP 128.238.61.101.42834 > 128.238.61.100.47450: UDP, length 4
13:41:07.539347 IP 128.238.61.100.47450 > 128.238.61.101.42834: UDP, length 4
13:41:12.533467 ARP, Request who-has 128.238.61.100 tell 128.238.61.101, length 28
13:41:12.533479 ARP, Reply 128.238.61.100 is-at e2:68:aa:6d:2c:95 (oui Unknown), length 28
13:41:45.709404 IP 128.238.61.100.57889 > 128.238.61.101.tftp:  19 RRQ "med.dum" netascii
13:41:45.750213 IP 128.238.61.101.52192 > 128.238.61.100.57889: UDP, length 516
13:41:45.750274 IP 128.238.61.100.57889 > 128.238.61.101.52192: UDP, length 4
13:41:45.750973 IP 128.238.61.101.52192 > 128.238.61.100.57889: UDP, length 516
13:41:45.751078 IP 128.238.61.100.57889 > 128.238.61.101.52192: UDP, length 4
13:41:45.751590 IP 128.238.61.101.52192 > 128.238.61.100.57889: UDP, length 516
13:41:45.751654 IP 128.238.61.100.57889 > 128.238.61.101.52192: UDP, length 4
13:41:45.752042 IP 128.238.61.101.52192 > 128.238.61.100.57889: UDP, length 516
13:41:45.752103 IP 128.238.61.100.57889 > 128.238.61.101.52192: UDP, length 4
13:41:45.752383 IP 128.238.61.101.52192 > 128.238.61.100.57889: UDP, length 516
13:41:45.752540 IP 128.238.61.100.57889 > 128.238.61.101.52192: UDP, length 4
13:41:45.753077 IP 128.238.61.101.52192 > 128.238.61.100.57889: UDP, length 516
13:41:45.753137 IP 128.238.61.100.57889 > 128.238.61.101.52192: UDP, length 4
13:41:45.753253 IP 128.238.61.101.52192 > 128.238.61.100.57889: UDP, length 516
13:41:45.753281 IP 128.238.61.100.57889 > 128.238.61.101.52192: UDP, length 4
13:41:45.753556 IP 128.238.61.101.52192 > 128.238.61.100.57889: UDP, length 516
13:41:45.753668 IP 128.238.61.100.57889 > 128.238.61.101.52192: UDP, length 4
13:41:45.753720 IP 128.238.61.101.52192 > 128.238.61.100.57889: UDP, length 516
13:41:45.753806 IP 128.238.61.100.57889 > 128.238.61.101.52192: UDP, length 4
13:41:45.753879 IP 128.238.61.101.52192 > 128.238.61.100.57889: UDP, length 516
13:41:45.753911 IP 128.238.61.100.57889 > 128.238.61.101.52192: UDP, length 4
13:41:45.753956 IP 128.238.61.101.52192 > 128.238.61.100.57889: UDP, length 516
13:41:45.753987 IP 128.238.61.100.57889 > 128.238.61.101.52192: UDP, length 4
13:41:45.754032 IP 128.238.61.101.52192 > 128.238.61.100.57889: UDP, length 516
13:41:45.754063 IP 128.238.61.100.57889 > 128.238.61.101.52192: UDP, length 4
13:41:45.754108 IP 128.238.61.101.52192 > 128.238.61.100.57889: UDP, length 516
13:41:45.754114 IP 128.238.61.100.57889 > 128.238.61.101.52192: UDP, length 4
13:41:45.754151 IP 128.238.61.101.52192 > 128.238.61.100.57889: UDP, length 516
13:41:45.754182 IP 128.238.61.100.57889 > 128.238.61.101.52192: UDP, length 4
13:41:45.754227 IP 128.238.61.101.52192 > 128.238.61.100.57889: UDP, length 516
13:41:45.754257 IP 128.238.61.100.57889 > 128.238.61.101.52192: UDP, length 4
13:41:45.754306 IP 128.238.61.101.52192 > 128.238.61.100.57889: UDP, length 516
13:41:45.754312 IP 128.238.61.100.57889 > 128.238.61.101.52192: UDP, length 4
13:41:45.754381 IP 128.238.61.101.52192 > 128.238.61.100.57889: UDP, length 516
13:41:45.754387 IP 128.238.61.100.57889 > 128.238.61.101.52192: UDP, length 4
13:41:45.754530 IP 128.238.61.101.52192 > 128.238.61.100.57889: UDP, length 516
13:41:45.754562 IP 128.238.61.100.57889 > 128.238.61.101.52192: UDP, length 4
13:41:45.754607 IP 128.238.61.101.52192 > 128.238.61.100.57889: UDP, length 516
13:41:45.754638 IP 128.238.61.100.57889 > 128.238.61.101.52192: UDP, length 4
13:41:45.754683 IP 128.238.61.101.52192 > 128.238.61.100.57889: UDP, length 516
13:41:45.754713 IP 128.238.61.100.57889 > 128.238.61.101.52192: UDP, length 4
13:41:45.754757 IP 128.238.61.101.52192 > 128.238.61.100.57889: UDP, length 516
13:41:45.754763 IP 128.238.61.100.57889 > 128.238.61.101.52192: UDP, length 4
13:41:45.754801 IP 128.238.61.101.52192 > 128.238.61.100.57889: UDP, length 516
13:41:45.754832 IP 128.238.61.100.57889 > 128.238.61.101.52192: UDP, length 4
13:41:45.754876 IP 128.238.61.101.52192 > 128.238.61.100.57889: UDP, length 516
13:41:45.754907 IP 128.238.61.100.57889 > 128.238.61.101.52192: UDP, length 4
13:41:45.754954 IP 128.238.61.101.52192 > 128.238.61.100.57889: UDP, length 516
13:41:45.754984 IP 128.238.61.100.57889 > 128.238.61.101.52192: UDP, length 4
13:41:45.755029 IP 128.238.61.101.52192 > 128.238.61.100.57889: UDP, length 516
13:41:45.755060 IP 128.238.61.100.57889 > 128.238.61.101.52192: UDP, length 4
13:41:45.755114 IP 128.238.61.101.52192 > 128.238.61.100.57889: UDP, length 516
13:41:45.755120 IP 128.238.61.100.57889 > 128.238.61.101.52192: UDP, length 4
13:41:45.755189 IP 128.238.61.101.52192 > 128.238.61.100.57889: UDP, length 516
13:41:45.755196 IP 128.238.61.100.57889 > 128.238.61.101.52192: UDP, length 4
13:41:45.755233 IP 128.238.61.101.52192 > 128.238.61.100.57889: UDP, length 516
13:41:45.755263 IP 128.238.61.100.57889 > 128.238.61.101.52192: UDP, length 4
13:41:45.755308 IP 128.238.61.101.52192 > 128.238.61.100.57889: UDP, length 516
13:41:45.755339 IP 128.238.61.100.57889 > 128.238.61.101.52192: UDP, length 4
13:41:45.755383 IP 128.238.61.101.52192 > 128.238.61.100.57889: UDP, length 516
13:41:45.755389 IP 128.238.61.100.57889 > 128.238.61.101.52192: UDP, length 4
13:41:45.755578 IP 128.238.61.101.52192 > 128.238.61.100.57889: UDP, length 516
13:41:45.755585 IP 128.238.61.100.57889 > 128.238.61.101.52192: UDP, length 4
13:41:45.755757 IP 128.238.61.101.52192 > 128.238.61.100.57889: UDP, length 516
13:41:45.755790 IP 128.238.61.100.57889 > 128.238.61.101.52192: UDP, length 4
13:41:45.755838 IP 128.238.61.101.52192 > 128.238.61.100.57889: UDP, length 516
13:41:45.755915 IP 128.238.61.100.57889 > 128.238.61.101.52192: UDP, length 4
13:41:45.756130 IP 128.238.61.101.52192 > 128.238.61.100.57889: UDP, length 516
13:41:45.756171 IP 128.238.61.100.57889 > 128.238.61.101.52192: UDP, length 4
13:41:45.756217 IP 128.238.61.101.52192 > 128.238.61.100.57889: UDP, length 516
13:41:45.756249 IP 128.238.61.100.57889 > 128.238.61.101.52192: UDP, length 4
13:41:45.756294 IP 128.238.61.101.52192 > 128.238.61.100.57889: UDP, length 516
13:41:45.756326 IP 128.238.61.100.57889 > 128.238.61.101.52192: UDP, length 4
13:41:45.756372 IP 128.238.61.101.52192 > 128.238.61.100.57889: UDP, length 516
13:41:45.756378 IP 128.238.61.100.57889 > 128.238.61.101.52192: UDP, length 4
13:41:45.756415 IP 128.238.61.101.52192 > 128.238.61.100.57889: UDP, length 516
13:41:45.756453 IP 128.238.61.100.57889 > 128.238.61.101.52192: UDP, length 4
13:41:45.756710 IP 128.238.61.101.52192 > 128.238.61.100.57889: UDP, length 516
13:41:45.756785 IP 128.238.61.100.57889 > 128.238.61.101.52192: UDP, length 4
13:41:45.756988 IP 128.238.61.101.52192 > 128.238.61.100.57889: UDP, length 516
13:41:45.757021 IP 128.238.61.100.57889 > 128.238.61.101.52192: UDP, length 4
13:41:45.757068 IP 128.238.61.101.52192 > 128.238.61.100.57889: UDP, length 516
13:41:45.757100 IP 128.238.61.100.57889 > 128.238.61.101.52192: UDP, length 4
13:41:45.757159 IP 128.238.61.101.52192 > 128.238.61.100.57889: UDP, length 516
13:41:45.757192 IP 128.238.61.100.57889 > 128.238.61.101.52192: UDP, length 4
13:41:45.757239 IP 128.238.61.101.52192 > 128.238.61.100.57889: UDP, length 516
13:41:45.757244 IP 128.238.61.100.57889 > 128.238.61.101.52192: UDP, length 4
13:41:45.757316 IP 128.238.61.101.52192 > 128.238.61.100.57889: UDP, length 516
13:41:45.757322 IP 128.238.61.100.57889 > 128.238.61.101.52192: UDP, length 4
13:41:45.757360 IP 128.238.61.101.52192 > 128.238.61.100.57889: UDP, length 516
13:41:45.757391 IP 128.238.61.100.57889 > 128.238.61.101.52192: UDP, length 4
13:41:45.757633 IP 128.238.61.101.52192 > 128.238.61.100.57889: UDP, length 516
13:41:45.757747 IP 128.238.61.100.57889 > 128.238.61.101.52192: UDP, length 4
13:41:45.757834 IP 128.238.61.101.52192 > 128.238.61.100.57889: UDP, length 516
13:41:45.757922 IP 128.238.61.100.57889 > 128.238.61.101.52192: UDP, length 4
13:41:45.758103 IP 128.238.61.101.52192 > 128.238.61.100.57889: UDP, length 516
13:41:45.758167 IP 128.238.61.100.57889 > 128.238.61.101.52192: UDP, length 4
13:41:45.758252 IP 128.238.61.101.52192 > 128.238.61.100.57889: UDP, length 516
13:41:45.758328 IP 128.238.61.100.57889 > 128.238.61.101.52192: UDP, length 4
13:41:45.758687 IP 128.238.61.101.52192 > 128.238.61.100.57889: UDP, length 516
13:41:45.758733 IP 128.238.61.100.57889 > 128.238.61.101.52192: UDP, length 4
13:41:45.758787 IP 128.238.61.101.52192 > 128.238.61.100.57889: UDP, length 516
13:41:45.758846 IP 128.238.61.100.57889 > 128.238.61.101.52192: UDP, length 4
13:41:45.758966 IP 128.238.61.101.52192 > 128.238.61.100.57889: UDP, length 516
13:41:45.759012 IP 128.238.61.100.57889 > 128.238.61.101.52192: UDP, length 4
13:41:45.759064 IP 128.238.61.101.52192 > 128.238.61.100.57889: UDP, length 516
13:41:45.759111 IP 128.238.61.100.57889 > 128.238.61.101.52192: UDP, length 4
13:41:45.759162 IP 128.238.61.101.52192 > 128.238.61.100.57889: UDP, length 516
13:41:45.759208 IP 128.238.61.100.57889 > 128.238.61.101.52192: UDP, length 4
13:41:45.759260 IP 128.238.61.101.52192 > 128.238.61.100.57889: UDP, length 516
13:41:45.759305 IP 128.238.61.100.57889 > 128.238.61.101.52192: UDP, length 4
13:41:45.759362 IP 128.238.61.101.52192 > 128.238.61.100.57889: UDP, length 516
13:41:45.759407 IP 128.238.61.100.57889 > 128.238.61.101.52192: UDP, length 4
13:41:45.759602 IP 128.238.61.101.52192 > 128.238.61.100.57889: UDP, length 516
13:41:45.759665 IP 128.238.61.100.57889 > 128.238.61.101.52192: UDP, length 4
13:41:45.759765 IP 128.238.61.101.52192 > 128.238.61.100.57889: UDP, length 516
13:41:45.759810 IP 128.238.61.100.57889 > 128.238.61.101.52192: UDP, length 4
13:41:45.759862 IP 128.238.61.101.52192 > 128.238.61.100.57889: UDP, length 516
13:41:45.759906 IP 128.238.61.100.57889 > 128.238.61.101.52192: UDP, length 4
13:41:45.759958 IP 128.238.61.101.52192 > 128.238.61.100.57889: UDP, length 516
13:41:45.760002 IP 128.238.61.100.57889 > 128.238.61.101.52192: UDP, length 4
13:41:45.760055 IP 128.238.61.101.52192 > 128.238.61.100.57889: UDP, length 516
13:41:45.760100 IP 128.238.61.100.57889 > 128.238.61.101.52192: UDP, length 4
13:41:45.760151 IP 128.238.61.101.52192 > 128.238.61.100.57889: UDP, length 516
13:41:45.760196 IP 128.238.61.100.57889 > 128.238.61.101.52192: UDP, length 4
13:41:45.760247 IP 128.238.61.101.52192 > 128.238.61.100.57889: UDP, length 516
13:41:45.760292 IP 128.238.61.100.57889 > 128.238.61.101.52192: UDP, length 4
13:41:45.760346 IP 128.238.61.101.52192 > 128.238.61.100.57889: UDP, length 516
13:41:45.760391 IP 128.238.61.100.57889 > 128.238.61.101.52192: UDP, length 4
13:41:45.760609 IP 128.238.61.101.52192 > 128.238.61.100.57889: UDP, length 516
13:41:45.760653 IP 128.238.61.100.57889 > 128.238.61.101.52192: UDP, length 4
13:41:45.760717 IP 128.238.61.101.52192 > 128.238.61.100.57889: UDP, length 516
13:41:45.760762 IP 128.238.61.100.57889 > 128.238.61.101.52192: UDP, length 4
13:41:45.760814 IP 128.238.61.101.52192 > 128.238.61.100.57889: UDP, length 516
13:41:45.760858 IP 128.238.61.100.57889 > 128.238.61.101.52192: UDP, length 4
13:41:45.760910 IP 128.238.61.101.52192 > 128.238.61.100.57889: UDP, length 516
13:41:45.760955 IP 128.238.61.100.57889 > 128.238.61.101.52192: UDP, length 4
13:41:45.761006 IP 128.238.61.101.52192 > 128.238.61.100.57889: UDP, length 516
13:41:45.761051 IP 128.238.61.100.57889 > 128.238.61.101.52192: UDP, length 4
13:41:45.761103 IP 128.238.61.101.52192 > 128.238.61.100.57889: UDP, length 516
13:41:45.761148 IP 128.238.61.100.57889 > 128.238.61.101.52192: UDP, length 4
13:41:45.761200 IP 128.238.61.101.52192 > 128.238.61.100.57889: UDP, length 516
13:41:45.761244 IP 128.238.61.100.57889 > 128.238.61.101.52192: UDP, length 4
13:41:45.761299 IP 128.238.61.101.52192 > 128.238.61.100.57889: UDP, length 516
13:41:45.761344 IP 128.238.61.100.57889 > 128.238.61.101.52192: UDP, length 4
13:41:45.761396 IP 128.238.61.101.52192 > 128.238.61.100.57889: UDP, length 516
13:41:45.761493 IP 128.238.61.100.57889 > 128.238.61.101.52192: UDP, length 4
13:41:45.761622 IP 128.238.61.101.52192 > 128.238.61.100.57889: UDP, length 516
13:41:45.761666 IP 128.238.61.100.57889 > 128.238.61.101.52192: UDP, length 4
13:41:45.761718 IP 128.238.61.101.52192 > 128.238.61.100.57889: UDP, length 516
13:41:45.761763 IP 128.238.61.100.57889 > 128.238.61.101.52192: UDP, length 4
13:41:45.761815 IP 128.238.61.101.52192 > 128.238.61.100.57889: UDP, length 516
13:41:45.761860 IP 128.238.61.100.57889 > 128.238.61.101.52192: UDP, length 4
13:41:45.761912 IP 128.238.61.101.52192 > 128.238.61.100.57889: UDP, length 516
13:41:45.761956 IP 128.238.61.100.57889 > 128.238.61.101.52192: UDP, length 4
13:41:45.762008 IP 128.238.61.101.52192 > 128.238.61.100.57889: UDP, length 516
13:41:45.762053 IP 128.238.61.100.57889 > 128.238.61.101.52192: UDP, length 4
13:41:45.762105 IP 128.238.61.101.52192 > 128.238.61.100.57889: UDP, length 516
13:41:45.762150 IP 128.238.61.100.57889 > 128.238.61.101.52192: UDP, length 4
13:41:45.762205 IP 128.238.61.101.52192 > 128.238.61.100.57889: UDP, length 516
13:41:45.762250 IP 128.238.61.100.57889 > 128.238.61.101.52192: UDP, length 4
13:41:45.762302 IP 128.238.61.101.52192 > 128.238.61.100.57889: UDP, length 516
13:41:45.762347 IP 128.238.61.100.57889 > 128.238.61.101.52192: UDP, length 4
13:41:45.762410 IP 128.238.61.101.52192 > 128.238.61.100.57889: UDP, length 516
13:41:45.762444 IP 128.238.61.100.57889 > 128.238.61.101.52192: UDP, length 4
13:41:45.762491 IP 128.238.61.101.52192 > 128.238.61.100.57889: UDP, length 516
13:41:45.762570 IP 128.238.61.100.57889 > 128.238.61.101.52192: UDP, length 4
13:41:45.762621 IP 128.238.61.101.52192 > 128.238.61.100.57889: UDP, length 516
13:41:45.762681 IP 128.238.61.100.57889 > 128.238.61.101.52192: UDP, length 4
13:41:45.762729 IP 128.238.61.101.52192 > 128.238.61.100.57889: UDP, length 516
13:41:45.762735 IP 128.238.61.100.57889 > 128.238.61.101.52192: UDP, length 4
13:41:45.762828 IP 128.238.61.101.52192 > 128.238.61.100.57889: UDP, length 516
13:41:45.762917 IP 128.238.61.100.57889 > 128.238.61.101.52192: UDP, length 4
13:41:45.763004 IP 128.238.61.101.52192 > 128.238.61.100.57889: UDP, length 516
13:41:45.763049 IP 128.238.61.100.57889 > 128.238.61.101.52192: UDP, length 4
13:41:45.763104 IP 128.238.61.101.52192 > 128.238.61.100.57889: UDP, length 516
13:41:45.763150 IP 128.238.61.100.57889 > 128.238.61.101.52192: UDP, length 4
13:41:45.763203 IP 128.238.61.101.52192 > 128.238.61.100.57889: UDP, length 516
13:41:45.763249 IP 128.238.61.100.57889 > 128.238.61.101.52192: UDP, length 4
13:41:45.763312 IP 128.238.61.101.52192 > 128.238.61.100.57889: UDP, length 516
13:41:45.763358 IP 128.238.61.100.57889 > 128.238.61.101.52192: UDP, length 4
13:41:45.763410 IP 128.238.61.101.52192 > 128.238.61.100.57889: UDP, length 516
13:41:45.763567 IP 128.238.61.100.57889 > 128.238.61.101.52192: UDP, length 4
13:41:45.763766 IP 128.238.61.101.52192 > 128.238.61.100.57889: UDP, length 516
13:41:45.763812 IP 128.238.61.100.57889 > 128.238.61.101.52192: UDP, length 4
13:41:45.763865 IP 128.238.61.101.52192 > 128.238.61.100.57889: UDP, length 516
13:41:45.763911 IP 128.238.61.100.57889 > 128.238.61.101.52192: UDP, length 4
13:41:45.763963 IP 128.238.61.101.52192 > 128.238.61.100.57889: UDP, length 516
13:41:45.764002 IP 128.238.61.100.57889 > 128.238.61.101.52192: UDP, length 4
13:41:45.764054 IP 128.238.61.101.52192 > 128.238.61.100.57889: UDP, length 516
13:41:45.764092 IP 128.238.61.100.57889 > 128.238.61.101.52192: UDP, length 4
13:41:45.764170 IP 128.238.61.101.52192 > 128.238.61.100.57889: UDP, length 516
13:41:45.764215 IP 128.238.61.100.57889 > 128.238.61.101.52192: UDP, length 4
13:41:45.764267 IP 128.238.61.101.52192 > 128.238.61.100.57889: UDP, length 516
13:41:45.764312 IP 128.238.61.100.57889 > 128.238.61.101.52192: UDP, length 4
13:41:45.764374 IP 128.238.61.101.52192 > 128.238.61.100.57889: UDP, length 516
13:41:45.764406 IP 128.238.61.100.57889 > 128.238.61.101.52192: UDP, length 4
13:41:45.764538 IP 128.238.61.101.52192 > 128.238.61.100.57889: UDP, length 516
13:41:45.764599 IP 128.238.61.100.57889 > 128.238.61.101.52192: UDP, length 4
13:41:45.764719 IP 128.238.61.101.52192 > 128.238.61.100.57889: UDP, length 516
13:41:45.764752 IP 128.238.61.100.57889 > 128.238.61.101.52192: UDP, length 4
13:41:45.764798 IP 128.238.61.101.52192 > 128.238.61.100.57889: UDP, length 516
13:41:45.764830 IP 128.238.61.100.57889 > 128.238.61.101.52192: UDP, length 4
13:41:45.764876 IP 128.238.61.101.52192 > 128.238.61.100.57889: UDP, length 516
13:41:45.764908 IP 128.238.61.100.57889 > 128.238.61.101.52192: UDP, length 4
13:41:45.764953 IP 128.238.61.101.52192 > 128.238.61.100.57889: UDP, length 516
13:41:45.764985 IP 128.238.61.100.57889 > 128.238.61.101.52192: UDP, length 4
13:41:45.765033 IP 128.238.61.101.52192 > 128.238.61.100.57889: UDP, length 516
13:41:45.765094 IP 128.238.61.100.57889 > 128.238.61.101.52192: UDP, length 4
13:41:45.765154 IP 128.238.61.101.52192 > 128.238.61.100.57889: UDP, length 516
13:41:45.765186 IP 128.238.61.100.57889 > 128.238.61.101.52192: UDP, length 4
13:41:45.765243 IP 128.238.61.101.52192 > 128.238.61.100.57889: UDP, length 516
13:41:45.765275 IP 128.238.61.100.57889 > 128.238.61.101.52192: UDP, length 4
13:41:45.765321 IP 128.238.61.101.52192 > 128.238.61.100.57889: UDP, length 516
13:41:45.765353 IP 128.238.61.100.57889 > 128.238.61.101.52192: UDP, length 4
13:41:45.765398 IP 128.238.61.101.52192 > 128.238.61.100.57889: UDP, length 516
13:41:45.765437 IP 128.238.61.100.57889 > 128.238.61.101.52192: UDP, length 4
13:41:45.765514 IP 128.238.61.101.52192 > 128.238.61.100.57889: UDP, length 516
13:41:45.765622 IP 128.238.61.100.57889 > 128.238.61.101.52192: UDP, length 4
13:41:45.765934 IP 128.238.61.101.52192 > 128.238.61.100.57889: UDP, length 516
13:41:45.765967 IP 128.238.61.100.57889 > 128.238.61.101.52192: UDP, length 4
13:41:45.766016 IP 128.238.61.101.52192 > 128.238.61.100.57889: UDP, length 516
13:41:45.766077 IP 128.238.61.100.57889 > 128.238.61.101.52192: UDP, length 4
13:41:45.766153 IP 128.238.61.101.52192 > 128.238.61.100.57889: UDP, length 516
13:41:45.766185 IP 128.238.61.100.57889 > 128.238.61.101.52192: UDP, length 4
13:41:45.766230 IP 128.238.61.101.52192 > 128.238.61.100.57889: UDP, length 516
13:41:45.766262 IP 128.238.61.100.57889 > 128.238.61.101.52192: UDP, length 4
13:41:45.766319 IP 128.238.61.101.52192 > 128.238.61.100.57889: UDP, length 516
13:41:45.766351 IP 128.238.61.100.57889 > 128.238.61.101.52192: UDP, length 4
13:41:45.766397 IP 128.238.61.101.52192 > 128.238.61.100.57889: UDP, length 516
13:41:45.766429 IP 128.238.61.100.57889 > 128.238.61.101.52192: UDP, length 4
13:41:45.766527 IP 128.238.61.101.52192 > 128.238.61.100.57889: UDP, length 516
13:41:45.766701 IP 128.238.61.100.57889 > 128.238.61.101.52192: UDP, length 4
13:41:45.766838 IP 128.238.61.101.52192 > 128.238.61.100.57889: UDP, length 516
13:41:45.766870 IP 128.238.61.100.57889 > 128.238.61.101.52192: UDP, length 4
13:41:45.766915 IP 128.238.61.101.52192 > 128.238.61.100.57889: UDP, length 516
13:41:45.767026 IP 128.238.61.100.57889 > 128.238.61.101.52192: UDP, length 4
13:41:45.767099 IP 128.238.61.101.52192 > 128.238.61.100.57889: UDP, length 516
13:41:45.767183 IP 128.238.61.100.57889 > 128.238.61.101.52192: UDP, length 4
13:41:45.767431 IP 128.238.61.101.52192 > 128.238.61.100.57889: UDP, length 516
13:41:45.767471 IP 128.238.61.100.57889 > 128.238.61.101.52192: UDP, length 4
13:41:45.767749 IP 128.238.61.101.52192 > 128.238.61.100.57889: UDP, length 516
13:41:45.767781 IP 128.238.61.100.57889 > 128.238.61.101.52192: UDP, length 4
13:41:45.767838 IP 128.238.61.101.52192 > 128.238.61.100.57889: UDP, length 516
13:41:45.767870 IP 128.238.61.100.57889 > 128.238.61.101.52192: UDP, length 4
13:41:45.767916 IP 128.238.61.101.52192 > 128.238.61.100.57889: UDP, length 516
13:41:45.767970 IP 128.238.61.100.57889 > 128.238.61.101.52192: UDP, length 4
13:41:45.768032 IP 128.238.61.101.52192 > 128.238.61.100.57889: UDP, length 516
13:41:45.768063 IP 128.238.61.100.57889 > 128.238.61.101.52192: UDP, length 4
13:41:45.768109 IP 128.238.61.101.52192 > 128.238.61.100.57889: UDP, length 516
13:41:45.768141 IP 128.238.61.100.57889 > 128.238.61.101.52192: UDP, length 4
13:41:45.768187 IP 128.238.61.101.52192 > 128.238.61.100.57889: UDP, length 516
13:41:45.768218 IP 128.238.61.100.57889 > 128.238.61.101.52192: UDP, length 4
13:41:45.768264 IP 128.238.61.101.52192 > 128.238.61.100.57889: UDP, length 516
13:41:45.768296 IP 128.238.61.100.57889 > 128.238.61.101.52192: UDP, length 4
13:41:45.768344 IP 128.238.61.101.52192 > 128.238.61.100.57889: UDP, length 516
13:41:45.768376 IP 128.238.61.100.57889 > 128.238.61.101.52192: UDP, length 4
13:41:45.768422 IP 128.238.61.101.52192 > 128.238.61.100.57889: UDP, length 516
13:41:45.768559 IP 128.238.61.100.57889 > 128.238.61.101.52192: UDP, length 4
13:41:45.768644 IP 128.238.61.101.52192 > 128.238.61.100.57889: UDP, length 516
13:41:45.768676 IP 128.238.61.100.57889 > 128.238.61.101.52192: UDP, length 4
13:41:45.768722 IP 128.238.61.101.52192 > 128.238.61.100.57889: UDP, length 516
13:41:45.768754 IP 128.238.61.100.57889 > 128.238.61.101.52192: UDP, length 4
13:41:45.768799 IP 128.238.61.101.52192 > 128.238.61.100.57889: UDP, length 516
13:41:45.768831 IP 128.238.61.100.57889 > 128.238.61.101.52192: UDP, length 4
13:41:45.768876 IP 128.238.61.101.52192 > 128.238.61.100.57889: UDP, length 516
13:41:45.768908 IP 128.238.61.100.57889 > 128.238.61.101.52192: UDP, length 4
13:41:45.768953 IP 128.238.61.101.52192 > 128.238.61.100.57889: UDP, length 516
13:41:45.768985 IP 128.238.61.100.57889 > 128.238.61.101.52192: UDP, length 4
13:41:45.769030 IP 128.238.61.101.52192 > 128.238.61.100.57889: UDP, length 516
13:41:45.769062 IP 128.238.61.100.57889 > 128.238.61.101.52192: UDP, length 4
13:41:45.769110 IP 128.238.61.101.52192 > 128.238.61.100.57889: UDP, length 516
13:41:45.769142 IP 128.238.61.100.57889 > 128.238.61.101.52192: UDP, length 4
13:41:45.769187 IP 128.238.61.101.52192 > 128.238.61.100.57889: UDP, length 516
13:41:45.769219 IP 128.238.61.100.57889 > 128.238.61.101.52192: UDP, length 4
13:41:45.769274 IP 128.238.61.101.52192 > 128.238.61.100.57889: UDP, length 516
13:41:45.769306 IP 128.238.61.100.57889 > 128.238.61.101.52192: UDP, length 4
13:41:45.769351 IP 128.238.61.101.52192 > 128.238.61.100.57889: UDP, length 516
13:41:45.769383 IP 128.238.61.100.57889 > 128.238.61.101.52192: UDP, length 4
13:41:45.769429 IP 128.238.61.101.52192 > 128.238.61.100.57889: UDP, length 516
13:41:45.769515 IP 128.238.61.100.57889 > 128.238.61.101.52192: UDP, length 4
13:41:45.769587 IP 128.238.61.101.52192 > 128.238.61.100.57889: UDP, length 516
13:41:45.769619 IP 128.238.61.100.57889 > 128.238.61.101.52192: UDP, length 4
13:41:45.769665 IP 128.238.61.101.52192 > 128.238.61.100.57889: UDP, length 516
13:41:45.769688 IP 128.238.61.100.57889 > 128.238.61.101.52192: UDP, length 4
13:41:45.769734 IP 128.238.61.101.52192 > 128.238.61.100.57889: UDP, length 516
13:41:45.769765 IP 128.238.61.100.57889 > 128.238.61.101.52192: UDP, length 4
13:41:45.769813 IP 128.238.61.101.52192 > 128.238.61.100.57889: UDP, length 516
13:41:45.769845 IP 128.238.61.100.57889 > 128.238.61.101.52192: UDP, length 4
13:41:45.769890 IP 128.238.61.101.52192 > 128.238.61.100.57889: UDP, length 516
13:41:45.769922 IP 128.238.61.100.57889 > 128.238.61.101.52192: UDP, length 4
13:41:45.769979 IP 128.238.61.101.52192 > 128.238.61.100.57889: UDP, length 516
13:41:45.770012 IP 128.238.61.100.57889 > 128.238.61.101.52192: UDP, length 4
13:41:45.770057 IP 128.238.61.101.52192 > 128.238.61.100.57889: UDP, length 516
13:41:45.770089 IP 128.238.61.100.57889 > 128.238.61.101.52192: UDP, length 4
13:41:45.770134 IP 128.238.61.101.52192 > 128.238.61.100.57889: UDP, length 516
13:41:45.770166 IP 128.238.61.100.57889 > 128.238.61.101.52192: UDP, length 4
13:41:45.770211 IP 128.238.61.101.52192 > 128.238.61.100.57889: UDP, length 516
13:41:45.770242 IP 128.238.61.100.57889 > 128.238.61.101.52192: UDP, length 4
13:41:45.770287 IP 128.238.61.101.52192 > 128.238.61.100.57889: UDP, length 516
13:41:45.770319 IP 128.238.61.100.57889 > 128.238.61.101.52192: UDP, length 4
13:41:45.770365 IP 128.238.61.101.52192 > 128.238.61.100.57889: UDP, length 516
13:41:45.770396 IP 128.238.61.100.57889 > 128.238.61.101.52192: UDP, length 4
13:41:45.770444 IP 128.238.61.101.52192 > 128.238.61.100.57889: UDP, length 516
13:41:45.770599 IP 128.238.61.100.57889 > 128.238.61.101.52192: UDP, length 4
13:41:45.770666 IP 128.238.61.101.52192 > 128.238.61.100.57889: UDP, length 516
13:41:45.770698 IP 128.238.61.100.57889 > 128.238.61.101.52192: UDP, length 4
13:41:45.770753 IP 128.238.61.101.52192 > 128.238.61.100.57889: UDP, length 516
13:41:45.770785 IP 128.238.61.100.57889 > 128.238.61.101.52192: UDP, length 4
13:41:45.770830 IP 128.238.61.101.52192 > 128.238.61.100.57889: UDP, length 516
13:41:45.770862 IP 128.238.61.100.57889 > 128.238.61.101.52192: UDP, length 4
13:41:45.770907 IP 128.238.61.101.52192 > 128.238.61.100.57889: UDP, length 516
13:41:45.770939 IP 128.238.61.100.57889 > 128.238.61.101.52192: UDP, length 4
13:41:45.770984 IP 128.238.61.101.52192 > 128.238.61.100.57889: UDP, length 516
13:41:45.771016 IP 128.238.61.100.57889 > 128.238.61.101.52192: UDP, length 4
13:41:45.771061 IP 128.238.61.101.52192 > 128.238.61.100.57889: UDP, length 516
13:41:45.771092 IP 128.238.61.100.57889 > 128.238.61.101.52192: UDP, length 4
13:41:45.771138 IP 128.238.61.101.52192 > 128.238.61.100.57889: UDP, length 516
13:41:45.771170 IP 128.238.61.100.57889 > 128.238.61.101.52192: UDP, length 4
13:41:45.771219 IP 128.238.61.101.52192 > 128.238.61.100.57889: UDP, length 516
13:41:45.771250 IP 128.238.61.100.57889 > 128.238.61.101.52192: UDP, length 4
13:41:45.771296 IP 128.238.61.101.52192 > 128.238.61.100.57889: UDP, length 516
13:41:45.771327 IP 128.238.61.100.57889 > 128.238.61.101.52192: UDP, length 4
13:41:45.771383 IP 128.238.61.101.52192 > 128.238.61.100.57889: UDP, length 516
13:41:45.771415 IP 128.238.61.100.57889 > 128.238.61.101.52192: UDP, length 4
13:41:45.771563 IP 128.238.61.101.52192 > 128.238.61.100.57889: UDP, length 516
13:41:45.771593 IP 128.238.61.100.57889 > 128.238.61.101.52192: UDP, length 4
13:41:45.771640 IP 128.238.61.101.52192 > 128.238.61.100.57889: UDP, length 516
13:41:45.771672 IP 128.238.61.100.57889 > 128.238.61.101.52192: UDP, length 4
13:41:45.771718 IP 128.238.61.101.52192 > 128.238.61.100.57889: UDP, length 516
13:41:45.771750 IP 128.238.61.100.57889 > 128.238.61.101.52192: UDP, length 4
13:41:45.771796 IP 128.238.61.101.52192 > 128.238.61.100.57889: UDP, length 516
13:41:45.771827 IP 128.238.61.100.57889 > 128.238.61.101.52192: UDP, length 4
13:41:45.771873 IP 128.238.61.101.52192 > 128.238.61.100.57889: UDP, length 516
13:41:45.771905 IP 128.238.61.100.57889 > 128.238.61.101.52192: UDP, length 4
13:41:45.771953 IP 128.238.61.101.52192 > 128.238.61.100.57889: UDP, length 516
13:41:45.771985 IP 128.238.61.100.57889 > 128.238.61.101.52192: UDP, length 4
13:41:45.772031 IP 128.238.61.101.52192 > 128.238.61.100.57889: UDP, length 516
13:41:45.772063 IP 128.238.61.100.57889 > 128.238.61.101.52192: UDP, length 4
13:41:45.772118 IP 128.238.61.101.52192 > 128.238.61.100.57889: UDP, length 516
13:41:45.772150 IP 128.238.61.100.57889 > 128.238.61.101.52192: UDP, length 4
13:41:45.772196 IP 128.238.61.101.52192 > 128.238.61.100.57889: UDP, length 516
13:41:45.772228 IP 128.238.61.100.57889 > 128.238.61.101.52192: UDP, length 4
13:41:45.772274 IP 128.238.61.101.52192 > 128.238.61.100.57889: UDP, length 516
13:41:45.772305 IP 128.238.61.100.57889 > 128.238.61.101.52192: UDP, length 4
13:41:45.772351 IP 128.238.61.101.52192 > 128.238.61.100.57889: UDP, length 516
13:41:45.772383 IP 128.238.61.100.57889 > 128.238.61.101.52192: UDP, length 4
13:41:45.772651 IP 128.238.61.101.52192 > 128.238.61.100.57889: UDP, length 516
13:41:45.772683 IP 128.238.61.100.57889 > 128.238.61.101.52192: UDP, length 4
13:41:45.772777 IP 128.238.61.101.52192 > 128.238.61.100.57889: UDP, length 516
13:41:45.772959 IP 128.238.61.100.57889 > 128.238.61.101.52192: UDP, length 4
13:41:45.773013 IP 128.238.61.101.52192 > 128.238.61.100.57889: UDP, length 516
13:41:45.773045 IP 128.238.61.100.57889 > 128.238.61.101.52192: UDP, length 4
13:41:45.773091 IP 128.238.61.101.52192 > 128.238.61.100.57889: UDP, length 516
13:41:45.773122 IP 128.238.61.100.57889 > 128.238.61.101.52192: UDP, length 4
13:41:45.773276 IP 128.238.61.101.52192 > 128.238.61.100.57889: UDP, length 516
13:41:45.773309 IP 128.238.61.100.57889 > 128.238.61.101.52192: UDP, length 4
13:41:45.773359 IP 128.238.61.101.52192 > 128.238.61.100.57889: UDP, length 516
13:41:45.773391 IP 128.238.61.100.57889 > 128.238.61.101.52192: UDP, length 4
13:41:45.773638 IP 128.238.61.101.52192 > 128.238.61.100.57889: UDP, length 516
13:41:45.773702 IP 128.238.61.100.57889 > 128.238.61.101.52192: UDP, length 4
13:41:45.773777 IP 128.238.61.101.52192 > 128.238.61.100.57889: UDP, length 516
13:41:45.773809 IP 128.238.61.100.57889 > 128.238.61.101.52192: UDP, length 4
13:41:45.773855 IP 128.238.61.101.52192 > 128.238.61.100.57889: UDP, length 516
13:41:45.773887 IP 128.238.61.100.57889 > 128.238.61.101.52192: UDP, length 4
13:41:45.773933 IP 128.238.61.101.52192 > 128.238.61.100.57889: UDP, length 516
13:41:45.773965 IP 128.238.61.100.57889 > 128.238.61.101.52192: UDP, length 4
13:41:45.774014 IP 128.238.61.101.52192 > 128.238.61.100.57889: UDP, length 516
13:41:45.774046 IP 128.238.61.100.57889 > 128.238.61.101.52192: UDP, length 4
13:41:45.774322 IP 128.238.61.101.52192 > 128.238.61.100.57889: UDP, length 516
13:41:45.774332 IP 128.238.61.100.57889 > 128.238.61.101.52192: UDP, length 4
13:41:45.774392 IP 128.238.61.101.52192 > 128.238.61.100.57889: UDP, length 516
13:41:45.774424 IP 128.238.61.100.57889 > 128.238.61.101.52192: UDP, length 4
13:41:45.774632 IP 128.238.61.101.52192 > 128.238.61.100.57889: UDP, length 516
13:41:45.774665 IP 128.238.61.100.57889 > 128.238.61.101.52192: UDP, length 4
13:41:45.774793 IP 128.238.61.101.52192 > 128.238.61.100.57889: UDP, length 516
13:41:45.774826 IP 128.238.61.100.57889 > 128.238.61.101.52192: UDP, length 4
13:41:45.774874 IP 128.238.61.101.52192 > 128.238.61.100.57889: UDP, length 516
13:41:45.774906 IP 128.238.61.100.57889 > 128.238.61.101.52192: UDP, length 4
13:41:45.774952 IP 128.238.61.101.52192 > 128.238.61.100.57889: UDP, length 516
13:41:45.774984 IP 128.238.61.100.57889 > 128.238.61.101.52192: UDP, length 4
13:41:45.775086 IP 128.238.61.101.52192 > 128.238.61.100.57889: UDP, length 516
13:41:45.775120 IP 128.238.61.100.57889 > 128.238.61.101.52192: UDP, length 4
13:41:45.775171 IP 128.238.61.101.52192 > 128.238.61.100.57889: UDP, length 516
13:41:45.775228 IP 128.238.61.100.57889 > 128.238.61.101.52192: UDP, length 4
13:41:45.775345 IP 128.238.61.101.52192 > 128.238.61.100.57889: UDP, length 516
13:41:45.775379 IP 128.238.61.100.57889 > 128.238.61.101.52192: UDP, length 4
13:41:45.775438 IP 128.238.61.101.52192 > 128.238.61.100.57889: UDP, length 516
13:41:45.775470 IP 128.238.61.100.57889 > 128.238.61.101.52192: UDP, length 4
13:41:45.775654 IP 128.238.61.101.52192 > 128.238.61.100.57889: UDP, length 516
13:41:45.775686 IP 128.238.61.100.57889 > 128.238.61.101.52192: UDP, length 4
13:41:45.775732 IP 128.238.61.101.52192 > 128.238.61.100.57889: UDP, length 516
13:41:45.775764 IP 128.238.61.100.57889 > 128.238.61.101.52192: UDP, length 4
13:41:45.775809 IP 128.238.61.101.52192 > 128.238.61.100.57889: UDP, length 516
13:41:45.775841 IP 128.238.61.100.57889 > 128.238.61.101.52192: UDP, length 4
13:41:45.775885 IP 128.238.61.101.52192 > 128.238.61.100.57889: UDP, length 516
13:41:45.775917 IP 128.238.61.100.57889 > 128.238.61.101.52192: UDP, length 4
13:41:45.775961 IP 128.238.61.101.52192 > 128.238.61.100.57889: UDP, length 516
13:41:45.775993 IP 128.238.61.100.57889 > 128.238.61.101.52192: UDP, length 4
13:41:45.776043 IP 128.238.61.101.52192 > 128.238.61.100.57889: UDP, length 516
13:41:45.776075 IP 128.238.61.100.57889 > 128.238.61.101.52192: UDP, length 4
13:41:45.776118 IP 128.238.61.101.52192 > 128.238.61.100.57889: UDP, length 4
13:41:45.776149 IP 128.238.61.100.57889 > 128.238.61.101.52192: UDP, length 4
13:41:50.932557 ARP, Request who-has 128.238.61.100 tell 128.238.61.101, length 28
13:41:50.932579 ARP, Reply 128.238.61.100 is-at e2:68:aa:6d:2c:95 (oui Unknown), length 28
13:42:13.999261 IP 128.238.61.100.43807 > 128.238.61.101.tftp:  21 RRQ "large.dum" netascii
13:42:14.039278 IP 128.238.61.101.59688 > 128.238.61.100.43807: UDP, length 516
13:42:14.039301 IP 128.238.61.100.43807 > 128.238.61.101.59688: UDP, length 4
13:42:14.039987 IP 128.238.61.101.59688 > 128.238.61.100.43807: UDP, length 516
13:42:14.040000 IP 128.238.61.100.43807 > 128.238.61.101.59688: UDP, length 4
13:42:14.040411 IP 128.238.61.101.59688 > 128.238.61.100.43807: UDP, length 516
13:42:14.040423 IP 128.238.61.100.43807 > 128.238.61.101.59688: UDP, length 4
13:42:14.040823 IP 128.238.61.101.59688 > 128.238.61.100.43807: UDP, length 516
13:42:14.040835 IP 128.238.61.100.43807 > 128.238.61.101.59688: UDP, length 4
13:42:14.041232 IP 128.238.61.101.59688 > 128.238.61.100.43807: UDP, length 516
13:42:14.041244 IP 128.238.61.100.43807 > 128.238.61.101.59688: UDP, length 4
13:42:14.041713 IP 128.238.61.101.59688 > 128.238.61.100.43807: UDP, length 516
13:42:14.041724 IP 128.238.61.100.43807 > 128.238.61.101.59688: UDP, length 4
13:42:14.041975 IP 128.238.61.101.59688 > 128.238.61.100.43807: UDP, length 516
13:42:14.041985 IP 128.238.61.100.43807 > 128.238.61.101.59688: UDP, length 4
13:42:14.042435 IP 128.238.61.101.59688 > 128.238.61.100.43807: UDP, length 516
13:42:14.042448 IP 128.238.61.100.43807 > 128.238.61.101.59688: UDP, length 4
13:42:14.042962 IP 128.238.61.101.59688 > 128.238.61.100.43807: UDP, length 516
13:42:14.042974 IP 128.238.61.100.43807 > 128.238.61.101.59688: UDP, length 4
13:42:14.043442 IP 128.238.61.101.59688 > 128.238.61.100.43807: UDP, length 516
13:42:14.043454 IP 128.238.61.100.43807 > 128.238.61.101.59688: UDP, length 4
13:42:14.043889 IP 128.238.61.101.59688 > 128.238.61.100.43807: UDP, length 516
13:42:14.043902 IP 128.238.61.100.43807 > 128.238.61.101.59688: UDP, length 4
13:42:14.044240 IP 128.238.61.101.59688 > 128.238.61.100.43807: UDP, length 516
13:42:14.044253 IP 128.238.61.100.43807 > 128.238.61.101.59688: UDP, length 4
13:42:14.044503 IP 128.238.61.101.59688 > 128.238.61.100.43807: UDP, length 516
13:42:14.044515 IP 128.238.61.100.43807 > 128.238.61.101.59688: UDP, length 4
13:42:14.045039 IP 128.238.61.101.59688 > 128.238.61.100.43807: UDP, length 516
13:42:14.045051 IP 128.238.61.100.43807 > 128.238.61.101.59688: UDP, length 4
13:42:14.045273 IP 128.238.61.101.59688 > 128.238.61.100.43807: UDP, length 516
13:42:14.045284 IP 128.238.61.100.43807 > 128.238.61.101.59688: UDP, length 4
13:42:14.045506 IP 128.238.61.101.59688 > 128.238.61.100.43807: UDP, length 516
13:42:14.045517 IP 128.238.61.100.43807 > 128.238.61.101.59688: UDP, length 4
13:42:14.045910 IP 128.238.61.101.59688 > 128.238.61.100.43807: UDP, length 516
13:42:14.045921 IP 128.238.61.100.43807 > 128.238.61.101.59688: UDP, length 4
13:42:14.046268 IP 128.238.61.101.59688 > 128.238.61.100.43807: UDP, length 516
13:42:14.046280 IP 128.238.61.100.43807 > 128.238.61.101.59688: UDP, length 4
13:42:14.046602 IP 128.238.61.101.59688 > 128.238.61.100.43807: UDP, length 516
13:42:14.046614 IP 128.238.61.100.43807 > 128.238.61.101.59688: UDP, length 4
13:42:14.046922 IP 128.238.61.101.59688 > 128.238.61.100.43807: UDP, length 516
13:42:14.046933 IP 128.238.61.100.43807 > 128.238.61.101.59688: UDP, length 4
13:42:14.047223 IP 128.238.61.101.59688 > 128.238.61.100.43807: UDP, length 516
13:42:14.047235 IP 128.238.61.100.43807 > 128.238.61.101.59688: UDP, length 4
13:42:14.047860 IP 128.238.61.101.59688 > 128.238.61.100.43807: UDP, length 516
13:42:14.047872 IP 128.238.61.100.43807 > 128.238.61.101.59688: UDP, length 4
13:42:14.048488 IP 128.238.61.101.59688 > 128.238.61.100.43807: UDP, length 516
13:42:14.048516 IP 128.238.61.100.43807 > 128.238.61.101.59688: UDP, length 4
13:42:14.049114 IP 128.238.61.101.59688 > 128.238.61.100.43807: UDP, length 516
13:42:14.049128 IP 128.238.61.100.43807 > 128.238.61.101.59688: UDP, length 4
13:42:14.049424 IP 128.238.61.101.59688 > 128.238.61.100.43807: UDP, length 516
